0 0.289844 0.611111 0.091406 0.333333
0 0.4 0.543056 0.052344 0.197222
6 0.082812 0.572222 0.013281 0.027778
6 0.158594 0.511111 0.023438 0.034722
6 0.133594 0.475 0.009375 0.022222
6 0.174219 0.355556 0.009375 0.020833
6 0.222656 0.341667 0.014844 0.023611
6 0.247656 0.394444 0.011719 0.029167
7 0.114844 0.5625 0.027344 0.020833
7 0.16875 0.475 0.039062 0.027778
7 0.196875 0.504167 0.03125 0.013889
7 0.201563 0.402778 0.03125 0.070833
7 0.232031 0.384722 0.016406 0.036111
7 0.248438 0.433333 0.004687 0.034722