1 0.769271 0.442593 0.055208 0.180556
4 0.71875 0.874074 0.248438 0.25
8 0.95 0.361111 0.098958 0.133333
7 0.536458 0.490741 0.010937 0.015741
7 0.514583 0.531481 0.010937 0.014815
7 0.522396 0.555556 0.010417 0.017593
7 0.538542 0.561111 0.009896 0.013889
7 0.4625 0.552778 0.009375 0.02037
7 0.485938 0.400926 0.007812 0.017593
7 0.501563 0.478704 0.008333 0.016667
7 0.477604 0.475926 0.006771 0.013889
8 0.534896 0.49537 0.008854 0.030556
8 0.505729 0.490741 0.013021 0.028704
8 0.491146 0.423148 0.018229 0.056481
8 0.476042 0.481481 0.010937 0.016667
8 0.467708 0.550926 0.020313 0.011111
8 0.515104 0.533333 0.005729 0.010185
8 0.522396 0.555556 0.003646 0.010185
8 0.5375 0.559259 0.004687 0.006481