9 0.329688 0.469444 0.315625 0.0125
9 0.285938 0.481944 0.247656 0.033333
9 0.279687 0.477778 0.274219 0.052778
9 0.36875 0.523611 0.190625 0.019444
9 0.2875 0.55 0.228906 0.05
9 0.342187 0.590278 0.217969 0.051389
8 0.486719 0.469444 0.014063 0.048611
8 0.414062 0.488889 0.01875 0.016667
8 0.421094 0.495833 0.0125 0.019444
8 0.4625 0.516667 0.01875 0.022222
8 0.407813 0.559722 0.029687 0.040278
8 0.451562 0.598611 0.019531 0.05
4 0.261719 0.726389 0.066406 0.090278
4 0.395313 0.641667 0.065625 0.0375
0 0.442188 0.581944 0.067969 0.430556
0 0.485938 0.518056 0.051562 0.15
5 0.764062 0.827778 0.396094 0.343056